21-06-06 12:02:27

img data

 --------------------- metrics -----------------------
{'Bleu_1': 0.06751256882928716, 
'Bleu_2': 0.04458463600229418, 
'Bleu_3': 0.03185088671811333, 
'Bleu_4': 0.022947798438006803, 
'METEOR': 0.2027968958668212, 
'ROUGE_L': 0.13836627000825447}

F1_avg = 0.25472598848245165
EM = 0.047619047619047616

F1_avg_bertscore = 0.8606759112438107