21-06-06 11:59:39

txt data

 --------------------- metrics -----------------------
{'Bleu_1': 0.2920237310480571, 
'Bleu_2': 0.22614819182000914, 
'Bleu_3': 0.1792073457518126, 
'Bleu_4': 0.14402149100480205, 
'METEOR': 0.2512626705069576, 
'ROUGE_L': 0.30908614831977366}

F1_avg = 0.40882956387243746
EM = 0.05275779376498801

F1_avg_bertscore = 0.8901060662395377